FuncTransEnt = 10

FuncTransEnt =

    10

entrada = [0 0.1 0.2 0.3 0.4 0.5 0.6 0.7 0.8 0.9 1 : sin(0) sin(0.1) sin(0.2) sin(0.3) sin(0.4) sin(0.5) sin(0.6) sin(0.7) sin(0.8) sin(0.9) sin(1)]

entrada =

  Columns 1 through 11

         0    0.1000    0.2000    0.3000    0.4000    0.5000    0.6000    0.7000    0.8000    0.9000    0.0998

  Columns 12 through 20

    0.1987    0.2955    0.3894    0.4794    0.5646    0.6442    0.7174    0.7833    0.8415

entrada = [0 0.1 0.2 0.3 0.4 0.5 0.6 0.7 0.8 0.9 1 ; sin(0) sin(0.1) sin(0.2) sin(0.3) sin(0.4) sin(0.5) sin(0.6) sin(0.7) sin(0.8) sin(0.9) sin(1)]

entrada =

         0    0.1000    0.2000    0.3000    0.4000    0.5000    0.6000    0.7000    0.8000    0.9000    1.0000
         0    0.0998    0.1987    0.2955    0.3894    0.4794    0.5646    0.6442    0.7174    0.7833    0.8415

FuncTransEnt = [0 0.1 0.2 0.3 0.4 0.5 0.6 0.7 0.8 0.9 1 ; sin(0) sin(0.1) sin(0.2) sin(0.3) sin(0.4) sin(0.5) sin(0.6) sin(0.7) sin(0.8) sin(0.9) sin(1)]

FuncTransEnt =

         0    0.1000    0.2000    0.3000    0.4000    0.5000    0.6000    0.7000    0.8000    0.9000    1.0000
         0    0.0998    0.1987    0.2955    0.3894    0.4794    0.5646    0.6442    0.7174    0.7833    0.8415

diary off
